Te=200;
TL=150;
B=0.0001;
J=0.00002;